225	34.0976	72.3
224.988	34.1	72.3
224.9	34.1422	72.3
224.8	34.1425	72.3
224.7	34.1513	72.3
224.6	34.1726	72.3
224.5	34.1738	72.3
224.438	34.2	72.3
224.4	34.2169	72.3
224.3	34.2169	72.3
224.2	34.2289	72.3
224.1	34.245	72.3
224	34.2726	72.3
223.943	34.3	72.3
223.9	34.3209	72.3
223.8	34.3423	72.3
223.7	34.3694	72.3
223.637	34.4	72.3
223.6	34.435	72.3
223.5	34.4403	72.3
223.4	34.4422	72.3
223.3	34.4582	72.3
223.2	34.4725	72.3
223.141	34.5	72.3
223.1	34.5168	72.3
223	34.5332	72.3
222.9	34.553	72.3
222.8	34.5679	72.3
222.733	34.6	72.3
222.7	34.615	72.3
222.6	34.6182	72.3
222.5	34.6151	72.3
222.4	34.6151	72.3
222.3	34.6197	72.3
222.2	34.6376	72.3
222.1	34.6512	72.3
222.048	34.7	72.3
222	34.7433	72.3
221.946	34.8	72.3
221.94	34.9	72.3
221.9	34.9426	72.3
221.844	35	72.3
221.821	35.1	72.3
221.8	35.1385	72.3
221.746	35.2	72.3
221.743	35.3	72.3
221.746	35.4	72.3
221.747	35.5	72.3
221.743	35.6	72.3
221.753	35.7	72.3
221.752	35.8	72.3
221.752	35.9	72.3
221.755	36	72.3
221.772	36.1	72.3
221.752	36.2	72.3
221.743	36.3	72.3
221.7	36.3571	72.3
221.66	36.4	72.3
221.6	36.4603	72.3
221.56	36.5	72.3
221.5	36.5284	72.3
221.4	36.566	72.3
221.322	36.6	72.3
221.3	36.6036	72.3
221.2	36.6165	72.3
221.1	36.6605	72.3
221.032	36.7	72.3
221	36.7113	72.3
220.9	36.7199	72.3
220.8	36.7346	72.3
220.7	36.729	72.3
220.6	36.7087	72.3
220.5	36.7124	72.3
220.4	36.7093	72.3
220.3	36.708	72.3
220.2	36.7066	72.3
220.162	36.7	72.3
220.1	36.6845	72.3
220	36.6605	72.3
219.9	36.6591	72.3
219.8	36.664	72.3
219.7	36.6795	72.3
219.637	36.7	72.3
219.6	36.7064	72.3
219.5	36.7096	72.3
219.4	36.7315	72.3
219.3	36.7504	72.3
219.2	36.7861	72.3
219.17	36.8	72.3
219.1	36.8343	72.3
219	36.8709	72.3
218.937	36.9	72.3
218.9	36.9232	72.3
218.8	36.9849	72.3
218.769	37	72.3
218.7	37.0381	72.3
218.6	37.0883	72.3
218.559	37.1	72.3
218.5	37.1312	72.3
218.4	37.1806	72.3
218.358	37.2	72.3
218.3	37.2342	72.3
218.2	37.2729	72.3
218.1	37.2882	72.3
218.059	37.3	72.3
218	37.3237	72.3
217.9	37.3863	72.3
217.85	37.4	72.3
217.8	37.4353	72.3
217.7	37.4834	72.3
217.653	37.5	72.3
217.6	37.54	72.3
217.5	37.573	72.3
217.438	37.6	72.3
217.4	37.6226	72.3
217.3	37.6714	72.3
217.235	37.7	72.3
217.2	37.7164	72.3
217.1	37.7178	72.3
217	37.7151	72.3
216.964	37.7	72.3
216.9	37.6742	72.3
216.8	37.669	72.3
216.7	37.6425	72.3
216.6	37.6681	72.3
216.5	37.6739	72.3
216.439	37.7	72.3
216.4	37.7244	72.3
216.356	37.8	72.3
216.3	37.8615	72.3
216.27	37.9	72.3
216.2	37.9649	72.3
216.177	38	72.3
194.849	38	74.1
194.9	37.9558	74.1
194.957	37.9	74.1
195	37.8619	74.1
195.062	37.8	74.1
195.1	37.7653	74.1
195.167	37.7	74.1
195.2	37.6833	74.1
195.3	37.6309	74.1
195.346	37.6	74.1
195.4	37.5792	74.1
195.5	37.5459	74.1
195.548	37.5	74.1
195.6	37.4747	74.1
195.676	37.4	74.1
195.7	37.3837	74.1
195.8	37.3431	74.1
195.846	37.3	74.1
195.9	37.2483	74.1
195.947	37.2	74.1
196	37.1485	74.1
196.048	37.1	74.1
196.1	37.073	74.1
196.178	37	74.1
196.2	36.9859	74.1
196.3	36.9721	74.1
196.4	36.9201	74.1
196.44	36.9	74.1
196.5	36.8745	74.1
196.6	36.8277	74.1
196.662	36.8	74.1
196.7	36.7874	74.1
196.8	36.7773	74.1
196.9	36.7512	74.1
197	36.7194	74.1
197.048	36.7	74.1
197.1	36.684	74.1
197.2	36.6473	74.1
197.3	36.6201	74.1
197.349	36.6	74.1
197.4	36.5792	74.1
197.5	36.5676	74.1
197.6	36.5447	74.1
197.7	36.5414	74.1
197.8	36.5555	74.1
197.9	36.5567	74.1
198	36.552	74.1
198.1	36.5428	74.1
198.2	36.5296	74.1
198.237	36.5	74.1
198.3	36.4495	74.1
198.4	36.4351	74.1
198.439	36.4	74.1
198.5	36.3469	74.1
198.6	36.3353	74.1
198.637	36.3	74.1
198.7	36.244	74.1
198.75	36.2	74.1
198.8	36.1506	74.1
198.9	36.1328	74.1
198.935	36.1	74.1
199	36.0441	74.1
199.1	36.0159	74.1
199.117	36	74.1
199.158	35.9	74.1
199.2	35.8793	74.1
199.3	35.8319	74.1
199.34	35.8	74.1
199.4	35.7468	74.1
199.454	35.7	74.1
199.5	35.6777	74.1
199.6	35.6167	74.1
199.636	35.6	74.1
199.7	35.5747	74.1
199.8	35.5671	74.1
199.9	35.563	74.1
200	35.5469	74.1
200.1	35.5654	74.1
200.2	35.548	74.1
200.3	35.5363	74.1
200.4	35.5249	74.1
200.446	35.5	74.1
200.5	35.4789	74.1
200.6	35.4462	74.1
200.648	35.4	74.1
200.7	35.3729	74.1
200.8	35.3521	74.1
200.9	35.3442	74.1
200.952	35.3	74.1
201	35.2618	74.1
201.1	35.2467	74.1
201.2	35.2384	74.1
201.243	35.2	74.1
201.3	35.1564	74.1
201.4	35.151	74.1
201.5	35.1465	74.1
201.6	35.1387	74.1
201.646	35.1	74.1
201.7	35.0532	74.1
201.8	35.0422	74.1
201.843	35	74.1
201.9	34.9457	74.1
201.95	34.9	74.1
202	34.8575	74.1
202.1	34.8413	74.1
202.2	34.8194	74.1
202.273	34.8	74.1
202.3	34.783	74.1
202.33	34.8	74.1
202.4	34.8163	74.1
202.5	34.8194	74.1
202.6	34.8207	74.1
202.7	34.8231	74.1
202.8	34.8414	74.1
202.9	34.8504	74.1
203	34.8795	74.1
203.048	34.9	74.1
203.1	34.9209	74.1
203.2	34.9251	74.1
203.3	34.9492	74.1
203.4	34.969	74.1
203.5	34.9747	74.1
203.6	34.9758	74.1
203.653	35	74.1
203.7	35.0215	74.1
203.8	35.041	74.1
203.9	35.0477	74.1
204	35.0684	74.1
204.1	35.0716	74.1
204.2	35.0716	74.1
204.3	35.0733	74.1
204.369	35.1	74.1
204.4	35.1134	74.1
204.5	35.1198	74.1
204.6	35.1362	74.1
204.7	35.1383	74.1
204.8	35.1416	74.1
204.9	35.1474	74.1
205	35.1712	74.1
205.061	35.2	74.1
205.1	35.2323	74.1
205.2	35.2323	74.1
205.245	35.2	74.1
205.3	35.1572	74.1
205.4	35.1479	74.1
205.5	35.1458	74.1
205.6	35.1447	74.1
205.7	35.1459	74.1
205.8	35.1548	74.1
205.864	35.2	74.1
205.9	35.2222	74.1
206	35.2393	74.1
206.1	35.2445	74.1
206.2	35.2767	74.1
206.228	35.3	74.1
206.3	35.3395	74.1
206.4	35.3449	74.1
206.463	35.4	74.1
206.5	35.4186	74.1
206.6	35.4387	74.1
206.7	35.4393	74.1
206.8	35.4427	74.1
206.9	35.4512	74.1
206.952	35.5	74.1
207	35.5437	74.1
207.057	35.6	74.1
207.1	35.6424	74.1
207.157	35.7	74.1
207.2	35.7229	74.1
207.3	35.7724	74.1
207.357	35.8	74.1
207.4	35.8138	74.1
207.5	35.8222	74.1
207.6	35.8261	74.1
207.7	35.8664	74.1
207.8	35.8694	74.1
207.9	35.8592	74.1
208	35.8535	74.1
208.1	35.8613	74.1
208.2	35.8711	74.1
208.282	35.9	74.1
208.3	35.9038	74.1
208.4	35.9195	74.1
208.5	35.9222	74.1
208.6	35.9265	74.1
208.7	35.9267	74.1
208.8	35.9226	74.1
208.9	35.922	74.1
209	35.9159	74.1
209.048	35.9	74.1
209.1	35.8743	74.1
209.2	35.829	74.1
209.3	35.8198	74.1
209.346	35.8	74.1
209.4	35.7746	74.1
209.5	35.7489	74.1
209.6	35.7347	74.1
209.7	35.7213	74.1
209.8	35.704	74.1
209.816	35.7	74.1
209.9	35.6802	74.1
210	35.6518	74.1
210.1	35.6304	74.1
210.149	35.6	74.1
210.2	35.5724	74.1
210.3	35.5394	74.1
210.381	35.5	74.1
210.4	35.4911	74.1
210.5	35.454	74.1
210.6	35.4078	74.1
210.623	35.4	74.1
210.7	35.3712	74.1
210.8	35.318	74.1
210.842	35.3	74.1
210.9	35.2773	74.1
211	35.2412	74.1
211.1	35.2266	74.1
211.2	35.2186	74.1
211.263	35.2	74.1
211.3	35.1857	74.1
211.4	35.1645	74.1
211.5	35.1344	74.1
211.563	35.1	74.1
211.6	35.0782	74.1
211.7	35.0493	74.1
211.8	35.0223	74.1
211.859	35	74.1
211.9	34.985	74.1
212	34.9705	74.1
212.1	34.9634	74.1
212.2	34.9526	74.1
212.3	34.9306	74.1
212.369	34.9	74.1
212.4	34.8893	74.1
212.5	34.8824	74.1
212.6	34.8613	74.1
212.7	34.8651	74.1
212.8	34.8558	74.1
212.9	34.8521	74.1
213	34.8525	74.1
213.1	34.851	74.1
213.2	34.8636	74.1
213.3	34.867	74.1
213.4	34.867	74.1
213.5	34.8884	74.1
213.542	34.9	74.1
213.6	34.9149	74.1
213.7	34.923	74.1
213.8	34.9481	74.1
213.9	34.954	74.1
214	34.9828	74.1
214.035	35	74.1
214.1	35.0271	74.1
214.2	35.0472	74.1
214.3	35.073	74.1
214.36	35.1	74.1
214.4	35.1131	74.1
214.5	35.1305	74.1
214.6	35.1483	74.1
214.7	35.173	74.1
214.744	35.2	74.1
214.8	35.2228	74.1
214.9	35.248	74.1
215	35.2704	74.1
215.1	35.2729	74.1
215.157	35.3	74.1
215.2	35.3144	74.1
215.3	35.3226	74.1
215.4	35.3235	74.1
215.5	35.3372	74.1
215.6	35.3452	74.1
215.7	35.3454	74.1
215.8	35.3472	74.1
215.9	35.3168	74.1
216	35.3108	74.1
216.022	35.3	74.1
216.1	35.2487	74.1
216.2	35.2473	74.1
216.3	35.2342	74.1
216.4	35.2113	74.1
216.423	35.2	74.1
216.5	35.1507	74.1
216.6	35.1155	74.1
216.624	35.1	74.1
216.7	35.0495	74.1
216.8	35.0093	74.1
216.809	35	74.1
216.851	34.9	74.1
216.9	34.849	74.1
216.949	34.8	74.1
217	34.7508	74.1
217.072	34.7	74.1
217.1	34.6722	74.1
217.152	34.6	74.1
217.2	34.55	74.1
217.247	34.5	74.1
217.285	34.4	74.1
217.3	34.3757	74.1
217.347	34.3	74.1
217.376	34.2	74.1
217.4	34.1758	74.1
217.476	34.1	74.1
217.5	34.0839	74.1
217.6	34.0485	74.1
217.7	34.0132	74.1
217.734	34	74.1
217.8	33.976	74.1
217.884	33.9	74.1
217.9	33.8838	74.1
218	33.8381	74.1
218.1	33.8139	74.1
218.147	33.8	74.1
218.2	33.784	74.1
218.3	33.7815	74.1
218.4	33.7627	74.1
218.5	33.761	74.1
218.6	33.7497	74.1
218.7	33.7497	74.1
218.8	33.7477	74.1
218.9	33.7477	74.1
219	33.7232	74.1
219.1	33.7141	74.1
219.2	33.7144	74.1
219.3	33.7402	74.1
219.4	33.7466	74.1
219.5	33.7569	74.1
219.6	33.752	74.1
219.7	33.7229	74.1
219.748	33.7	74.1
219.8	33.6748	74.1
219.9	33.6194	74.1
219.935	33.6	74.1
220	33.5421	74.1
220.042	33.5	74.1
220.1	33.4411	74.1
220.142	33.4	74.1
220.2	33.3443	74.1
220.247	33.3	74.1
220.3	33.2731	74.1
220.392	33.2	74.1
220.4	33.1919	74.1
220.473	33.1	74.1
220.5	33.0593	74.1
220.586	33	74.1
220.6	32.979	74.1
220.648	32.9	74.1
220.7	32.8459	74.1
220.744	32.8	74.1
220.8	32.7381	74.1
220.838	32.7	74.1
220.9	32.6449	74.1
220.945	32.6	74.1
221	32.52	74.1
221.019	32.5	74.1
221.052	32.4	74.1
221.1	32.3761	74.1
221.2	32.3452	74.1
221.248	32.3	74.1
221.3	32.2745	74.1
221.4	32.2463	74.1
221.5	32.2424	74.1
221.548	32.2	74.1
221.6	32.152	74.1
221.7	32.1464	74.1
221.8	32.1424	74.1
221.9	32.1385	74.1
221.944	32.1	74.1
222	32.0494	74.1
222.1	32.0464	74.1
222.2	32.0414	74.1
222.244	32	74.1
222.3	31.9501	74.1
222.4	31.9457	74.1
222.5	31.9413	74.1
222.544	31.9	74.1
222.6	31.8487	74.1
222.7	31.8447	74.1
222.8	31.8395	74.1
222.847	31.8	74.1
222.9	31.7762	74.1
223	31.746	74.1
223.1	31.7428	74.1
223.146	31.7	74.1
223.2	31.673	74.1
223.3	31.6431	74.1
223.4	31.6214	74.1
223.444	31.6	74.1
223.5	31.5753	74.1
223.6	31.5756	74.1
223.7	31.5484	74.1
223.8	31.545	74.1
223.9	31.5482	74.1
224	31.5724	74.1
224.1	31.5823	74.1
224.2	31.5829	74.1
224.255	31.6	74.1
224.3	31.6219	74.1
224.4	31.6425	74.1
224.5	31.671	74.1
224.6	31.6718	74.1
224.7	31.6734	74.1
224.8	31.6734	74.1
224.9	31.6734	74.1
225	31.6848	74.1
225	31.6848	74.1
